# Camera calibration result
# Generated by camera_calibration ROS2 node
image_width: 1280
image_height: 720
camera_name: camera

camera_matrix:
  rows: 3
  cols: 3
  data: [682.498953, 0.000000, 611.934722, 0.000000, 681.997799, 346.133272, 0.000000, 0.000000, 1.000000]

distortion_model: plumb_bob
distortion_coefficients:
  rows: 1
  cols: 5
  data: [0.029769, -0.035773, -0.000677, -0.004830, 0.020541]

rectification_matrix:
  rows: 3
  cols: 3
  data: [1, 0, 0, 0, 1, 0, 0, 0, 1]

projection_matrix:
  rows: 3
  cols: 4
  data: [682.498953, 0, 611.934722, 0, 0, 681.997799, 346.133272, 0, 0, 0, 1, 0]
