# Camera calibration result
# Generated by camera_calibration ROS2 node
image_width: 1280
image_height: 720
camera_name: camera
num_samples: 22
reprojection_error_rms: 0.133322

camera_matrix:
  rows: 3
  cols: 3
  data: [672.782484, 0.000000, 624.371034, 0.000000, 673.532378, 343.336795, 0.000000, 0.000000, 1.000000]

distortion_model: plumb_bob
distortion_coefficients:
  rows: 1
  cols: 5
  data: [0.012341, -0.013385, -0.000930, 0.002374, 0.006296]

rectification_matrix:
  rows: 3
  cols: 3
  data: [1, 0, 0, 0, 1, 0, 0, 0, 1]

projection_matrix:
  rows: 3
  cols: 4
  data: [672.782484, 0, 624.371034, 0, 0, 673.532378, 343.336795, 0, 0, 0, 1, 0]

# Per-view reprojection errors (px)
per_view_errors: [0.148869, 0.118511, 0.083558, 0.144415, 0.119731, 0.156850, 0.118769, 0.132122, 0.159015, 0.157073, 0.145325, 0.119112, 0.153026, 0.143773, 0.096705, 0.108395, 0.157069, 0.116683, 0.138962, 0.145843, 0.094704, 0.134948]
