# Camera calibration result
# Generated by camera_calibration ROS2 node
image_width: 1280
image_height: 720
camera_name: zed

camera_matrix:
  rows: 3
  cols: 3
  data: [697.736486, 0.000000, 612.828248, 0.000000, 695.893741, 340.796913, 0.000000, 0.000000, 1.000000]

distortion_model: plumb_bob
distortion_coefficients:
  rows: 1
  cols: 5
  data: [0.020222, 0.025074, -0.000079, -0.006854, -0.029488]

rectification_matrix:
  rows: 3
  cols: 3
  data: [1, 0, 0, 0, 1, 0, 0, 0, 1]

projection_matrix:
  rows: 3
  cols: 4
  data: [697.736486, 0, 612.828248, 0, 0, 695.893741, 340.796913, 0, 0, 0, 1, 0]
